# Wavelength_nm	Intensity_rel_units
350.0	143.48
352.0	149.84
354.0	44.68
356.0	44.68
358.0	44.69
360.0	13.67
362.0	13.67
364.0	102.83
366.0	158.19
368.0	158.19
370.0	65.81
372.0	66.20
374.0	68.74
376.0	74.04
378.0	10.99
380.0	95.05
382.0	143.88
384.0	221.96
386.0	135.36
388.0	293.50
390.0	316.22
392.0	385.23
394.0	463.17
396.0	496.57
398.0	461.67
400.0	318.27
402.0	196.64
404.0	502.53
406.0	599.14
408.0	845.17
410.0	976.68
412.0	1003.70
414.0	1282.67
416.0	1168.87
418.0	1462.67
420.0	1523.61
422.0	2128.97
424.0	2668.30
426.0	3079.57
428.0	3388.33
430.0	3591.12
432.0	4142.11
434.0	4455.65
436.0	4806.59
438.0	5099.30
440.0	5881.15
442.0	7096.72
444.0	8106.93
446.0	8763.60
448.0	9592.63
450.0	10484.20
452.0	11528.26
454.0	12274.85
456.0	13276.36
458.0	14327.24
460.0	15175.73
462.0	16572.16
464.0	17933.58
466.0	19895.71
468.0	21108.21
470.0	22074.48
472.0	23214.39
474.0	25235.11
476.0	27048.64
478.0	28201.00
480.0	28702.07
482.0	29787.68
484.0	31230.96
486.0	32443.20
488.0	34528.13
490.0	35736.43
492.0	37388.18
494.0	38614.01
496.0	40504.16
498.0	41589.58
500.0	42369.47
502.0	43237.83
504.0	44326.50
506.0	44458.40
508.0	45325.80
510.0	46547.24
512.0	48091.09
514.0	47919.66
516.0	47834.70
518.0	47672.86
520.0	48134.35
522.0	48942.07
524.0	50010.57
526.0	50574.96
528.0	50403.96
530.0	50224.57
532.0	50159.18
534.0	50157.15
536.0	49846.66
538.0	50142.99
540.0	51531.37
542.0	52517.00
544.0	52601.42
546.0	51485.98
548.0	50764.05
550.0	51129.34
552.0	51517.98
554.0	51198.29
556.0	51210.15
558.0	50739.99
560.0	52141.21
562.0	52097.77
564.0	53387.53
566.0	52777.08
568.0	52934.16
570.0	52692.12
572.0	53892.39
574.0	54785.79
576.0	54509.19
578.0	54496.75
580.0	54562.03
582.0	55176.96
584.0	54898.50
586.0	55748.99
588.0	55692.94
590.0	55450.54
592.0	54722.40
594.0	54763.43
596.0	54933.94
598.0	54834.22
600.0	54885.13
602.0	55028.79
604.0	55100.46
606.0	55024.45
608.0	54595.59
610.0	53996.84
612.0	53624.07
614.0	53990.49
616.0	53547.45
618.0	52743.27
620.0	52438.12
622.0	52004.28
624.0	51593.11
626.0	51355.16
628.0	51292.38
630.0	52145.03
632.0	51454.66
634.0	51091.29
636.0	50192.29
638.0	50238.14
640.0	50777.78
642.0	51190.80
644.0	51566.16
646.0	51252.26
648.0	51928.14
650.0	51363.71
652.0	51998.32
654.0	52144.66
656.0	53242.70
658.0	53791.58
660.0	52356.44
662.0	51753.45
664.0	51044.76
666.0	51735.47
668.0	50532.75
670.0	49765.55
672.0	49787.53
674.0	49233.27
676.0	48983.38
678.0	48392.46
680.0	48501.90
682.0	48277.67
684.0	47035.07
686.0	46630.04
688.0	45607.08
690.0	45639.00
692.0	45371.66
694.0	45476.71
696.0	44342.79
698.0	43641.16
700.0	42958.44
702.0	42922.11
704.0	41857.42
706.0	41209.92
708.0	40352.19
710.0	40660.22
712.0	40215.69
714.0	40629.49
716.0	40321.17
718.0	39319.66
720.0	38151.27
722.0	38172.66
724.0	38538.07
726.0	39188.85
728.0	38692.98
730.0	38157.20
732.0	37739.74
734.0	36950.61
736.0	36095.13
738.0	36044.07
740.0	35308.26
742.0	35928.63
744.0	35239.98
746.0	35701.72
748.0	34688.87
750.0	34493.71
752.0	33751.80
754.0	33645.37
756.0	32924.60
758.0	33349.14
760.0	33527.52
762.0	33489.97
764.0	32631.65
766.0	31975.52
768.0	30829.26
770.0	30320.14
772.0	30003.58
774.0	29730.18
776.0	29463.14
778.0	28643.60
780.0	28133.35
782.0	27618.20
784.0	27385.57
786.0	27412.83
788.0	27155.30
790.0	27412.43
792.0	26891.43
794.0	26476.78
796.0	25385.07
798.0	25114.63
800.0	25004.65
802.0	24722.65
804.0	24327.32
806.0	23957.55
808.0	23758.62
810.0	23295.04
812.0	23035.62
814.0	22802.58
816.0	22772.34
818.0	22577.68
820.0	22615.32
822.0	22226.58
824.0	21607.67
826.0	21182.67
828.0	21005.54
830.0	20437.02
832.0	20381.81
834.0	20107.73
836.0	20377.85
838.0	19464.62
840.0	19369.66
842.0	18692.55
844.0	18547.64
846.0	17587.87
848.0	17318.32
850.0	16947.94
852.0	16882.63
854.0	16699.54
856.0	16467.17
858.0	16420.42
860.0	15962.60
862.0	15481.05
864.0	15004.86
866.0	14936.19
868.0	15078.40
870.0	14936.42
872.0	14180.35
874.0	13703.81
876.0	13509.02
878.0	13547.26
880.0	13093.00
882.0	12602.33
884.0	12240.74
886.0	12198.81
888.0	11914.23
890.0	12025.51
892.0	11797.89
894.0	11487.33
896.0	11161.16
898.0	11038.99
900.0	10872.94
902.0	10504.17
904.0	9779.66
906.0	9790.95
908.0	9539.89
910.0	9344.60
912.0	8700.26
914.0	8518.41
916.0	8715.99
918.0	8736.88
920.0	8612.61
922.0	8126.17
924.0	7740.29
926.0	7593.30
928.0	7621.46
930.0	7613.95
932.0	7473.70
934.0	7089.33
936.0	6847.94
938.0	6617.75
940.0	6790.17
942.0	6652.61
944.0	6537.12
946.0	6029.87
948.0	5879.61
950.0	5459.16
952.0	5161.54
954.0	4979.60
956.0	4948.82
958.0	4969.52
960.0	4782.34
962.0	4692.40
964.0	4431.41
966.0	4138.90
968.0	3776.55
970.0	3662.76
972.0	3861.96
974.0	3848.86
976.0	3767.55
978.0	3429.98
980.0	3584.17
982.0	3494.80
984.0	3363.81
986.0	2973.06
988.0	2993.85
990.0	2990.19
992.0	2760.91
994.0	2475.94
996.0	2417.63
998.0	2413.38
1000.0	2278.11
1002.0	2247.45
1004.0	2245.05
1006.0	2303.00
1008.0	2079.49
1010.0	1945.13
1012.0	1823.60
1014.0	1642.04
1016.0	1574.67
1018.0	1430.44
1020.0	1525.60
1022.0	1290.17
1024.0	1351.75
1026.0	1239.10
1028.0	1480.46
1030.0	1334.37
1032.0	1162.63
1034.0	886.37
1036.0	833.17
1038.0	863.00
1040.0	915.54
1042.0	1044.75
1044.0	1206.16
1046.0	1061.44
1048.0	1188.67
1050.0	1178.16
1052.0	1189.58
1054.0	714.84
1056.0	496.68
1058.0	488.65
1060.0	458.46
1062.0	442.65
1064.0	390.49
1066.0	497.33
1068.0	519.93
1070.0	600.60
1072.0	603.74
1074.0	546.65
1076.0	381.00
1078.0	334.60
1080.0	301.63
1082.0	384.15
1084.0	385.10
1086.0	244.92
1088.0	232.82
1090.0	160.12
1092.0	270.09
1094.0	356.69
1096.0	445.42
1098.0	335.45
1100.0	88.72
1102.0	177.41
1104.0	250.11
1106.0	366.59
1108.0	335.09
1110.0	322.38
1112.0	240.88
1114.0	94.98
1116.0	34.99
1118.0	0.00
1120.0	44.40
1122.0	77.46
1124.0	157.05
1126.0	145.32
1128.0	166.94
1130.0	192.97
1132.0	160.30
1134.0	117.07
1136.0	11.46
1138.0	125.56
1140.0	148.13
1142.0	218.63
1144.0	262.02
1146.0	345.26
1148.0	295.15
1150.0	227.94
1152.0	110.67
1154.0	148.62
1156.0	90.89
1158.0	90.89
1160.0	163.50
1162.0	130.95
1164.0	205.29
1166.0	74.34
1168.0	173.01
1170.0	223.23
1172.0	223.23
1174.0	124.56
1176.0	1.76
1178.0	84.87
1180.0	84.87
1182.0	83.11
1184.0	51.29
1186.0	51.29
1188.0	51.29
1190.0	0.00
1192.0	33.23
1194.0	33.23
1196.0	33.23
1198.0	0.00
1200.0	0.00
